0 0 0 0 0 0 1
1 1 0 0 0 0 1
1 -1 0 0 0 0 1
-1 1 0 0 0 0.4794255 0.8775826
-1 -1 0 0 0 0 1
2 0 0 0 0 0 1
0 -2 0 0 0 0 0.9999997 0.0007963
1.5 -3 0 0 0 0.841471 0.5403023
-0.5 2 0 0 0 0.5984721 -0.8011436
-1 -1.7 0 0 0 0.5226872 0.8525245
2.3 0.8 0 0 0 0.3428978 0.9393727
-1.1 0 0 0 0 0.8368988 -0.5473577
3.3 -0.8 0 0 0 0 1
-1.9 1 0 0 0 0.7068252 0.7073883
0.8 -2.7 0 0 0 0.7079509 -0.7062616
0.3 -0.2 0 0 0 0.8075581 0.589788
-0.2 0.6 0 0 0 0.9092974 -0.4161468
-2.1 -0.8 0 0 0 0.9127639 0.4084874
-0.2 -0.9 0 0 0 0.992713 0.1205028
0.7 1.9 0 0 0 0.8873624 -0.4610727
1.5 -0.5 0 0 0 0.997495 0.0707372
-2.1 0.4 0 0 0 0.1494381 0.9887711
0.4 3.2 0 0 0 0.6442177 0.7648422
4.3 1.9 0 0 0 0.9489846 0.3153224
2.3 2.9 0 0 0 0.9738476 -0.2272021
-2.2 2.9 0 0 0 0.7114734 -0.7027131
-3.2 0.7 0 0 0 0.2392493 -0.9709582
-4.25 1.4 0 0 0 0.8134155 0.5816831
-3.8 -0.6 0 0 0 0.9854497 0.1699671
-2.5 -1.6 0 0 0 0.9612752 -0.2755902
-0.4 -4.2 0 0 0 0.7457052 -0.666276
-3 -2.6 0 0 0 0.381661 -0.9243024
-2.95 -4.5 0 0 0 0.0914646 -0.9958083
-5 -1.5 0 0 0 0 1
-2.5 2.5 0 0 0 0.9999997 0.0007963
-0.8 -2.65 0 0 0 0.7068252 0.7073883
2.45 -4.65 0 0 0 0.7079509 -0.7062616
-1.2 -3.8 0 0 0 0.8075581 0.589788
4.1 0.8 0 0 0 0.6377647 -0.7702313
2.2 -1.25 0 0 0 0.8632094 -0.5048461
2.6 -2.5 0 0 0 0.9839859 -0.1782461
4.15 -3.4 0 0 0 0.9995736 -0.0291995
-5.5 -3.6 0 0 0 0.992713 0.1205028
3.75 -1.85 0 0 0 0.8912074 0.4535961
-0.75 4.2 0 0 0 0.996865 -0.0791209
-2.8 3.9 0 0 0 0.8084964 -0.5885011
-3.6 -1.5 0 0 0 0.381661 -0.9243024
0.55 -5.3 0 0 0 0.14112 -0.9899925
2 1.7 0 0 0 0 1
-4.3 0.4 0 0 0 0.9999997 0.0007963