0 0 0 0 0 0
1 1 0 0 0 0
1 -1 0 0 0 0
-1 1 0 0 0 1
-1 -1 0 0 0 0
2 0 0 0 0 0
0 -2 0 0 0 3.14
1.5 -3 0 0 0 2
-0.5 2 0 0 0 5
-1 -1.7 0 0 0 1.1
2.3 0.8 0 0 0 0.7
-1.1 0 0 0 0 4.3
3.3 -0.8 0 0 0 0
-1.9 1 0 0 0 1.57
0.8 -2.7 0 0 0 4.71
0.3 -0.2 0 0 0 1.88
-0.2 0.6 0 0 0 4
-2.1 -0.8 0 0 0 2.3
-0.2 -0.9 0 0 0 2.9
0.7 1.9 0 0 0 4.1
1.5 -0.5 0 0 0 3
-2.1 0.4 0 0 0 0.3
0.4 3.2 0 0 0 1.4
4.3 1.9 0 0 0 2.5
2.3 2.9 0 0 0 3.6
-2.2 2.9 0 0 0 4.7
-3.2 0.7 0 0 0 5.8
-4.25 1.4 0 0 0 1.9
-3.8 -0.6 0 0 0 2.8
-2.5 -1.6 0 0 0 3.7
-0.4 -4.2 0 0 0 4.6
-3 -2.6 0 0 0 5.5
-2.95 -4.5 0 0 0 6.1
-5 -1.5 0 0 0 0
-2.5 2.5 0 0 0 3.14
-0.8 -2.65 0 0 0 1.57
2.45 -4.65 0 0 0 4.71
-1.2 -3.8 0 0 0 1.88
4.1 0.8 0 0 0 4.9
2.2 -1.25 0 0 0 4.2
2.6 -2.5 0 0 0 3.5
4.15 -3.4 0 0 0 3.2
-5.5 -3.6 0 0 0 2.9
3.75 -1.85 0 0 0 2.2
-0.75 4.2 0 0 0 3.3
-2.8 3.9 0 0 0 4.4
-3.6 -1.5 0 0 0 5.5
0.55 -5.3 0 0 0 6
2 1.7 0 0 0 0
-4.3 0.4 0 0 0 3.14